sample	HQ reads	HQ reads mapped to reference	percent reads mapped to reference	# ./. genotypes	# 0/0 genotypes	# 0/1 genotypes	# 1/1 genotypes	
LC1	4461013	3301776	74%	3153	12937	3102	3621	
LC9	4706353	2607386	55%	2988	13371	3056	3398	
LC17	4822999	3374253	69%	2898	13072	3465	3378	
LD5	4848851	3680275	75%	2249	13583	3677	3304	
LD13	4901291	3786842	77%	2092	14317	3206	3198	
LB1	4144714	2863921	69%	3415	13214	2382	3802	
LB9	4520241	3210690	71%	2977	13061	3363	3412	
LB17	3596435	2644969	73%	4142	12207	3044	3420	
SWS5	4383908	3344805	76%	2953	12846	3102	3912	
SWS13	4082205	2856752	69%	4579	11893	2660	3681	
IFT1	5204404	3924574	75%	3023	13695	3234	2861	
IFT12	4513721	3202007	70%	4111	12957	2855	2890	
LC2	4313141	3275473	75%	2682	11787	6055	2289	
LC10	4558247	2980815	65%	3095	13452	3236	3030	
LC18	4867280	2980305	61%	2792	13349	3273	3399	
LD6	4962720	3770989	75%	2144	13969	3542	3158	
LD14	5001899	3681022	73%	2361	13392	3310	3750	
LB2	4597261	3283094	71%	2851	12916	3307	3739	
LB10	5053881	3554075	70%	2619	13448	3170	3576	
LB18	4592902	3459831	75%	2427	13389	3552	3445	
SWS6	5543500	4113659	74%	2668	13229	3367	3549	
SWS14	3827907	2868405	74%	3321	12844	3044	3604	
IFT2	4838860	3395169	70%	2980	13429	3327	3077	
IFT13	4874102	3540159	72%	2972	13161	3382	3298	
LC3	4564587	3462740	75%	2568	11843	6037	2365	
LC11	4212578	2846132	67%	3246	13440	2800	3327	
LC19	4439404	2786687	62%	3249	13404	2967	3193	
LD7	4970361	3823682	76%	1879	14148	3542	3244	
LD15	5080446	3698196	72%	2660	13393	3579	3181	
LB3	4556123	3376405	74%	2419	12931	4018	3445	
LB11	4509850	3292533	73%	3056	13086	2932	3739	
LB19	4449778	3268428	73%	2908	12749	3467	3689	
SWS7	5095761	3750686	73%	3056	12918	3206	3633	
SWS15	4200020	3120749	74%	3043	12737	3156	3877	
IFT3	4308523	3143343	72%	2531	13584	3717	2981	
IFT15	5043566	3638130	72%	2830	13544	3479	2960	
LC4	5232225	3657525	69%	2464	13835	3254	3260	
LC12	5129130	3792973	73%	1978	13605	4152	3078	
LC20	5083650	3547047	69%	2436	13706	3195	3476	
LD8	4765739	3716322	77%	2502	13911	3156	3244	
LD16	5620669	4249665	75%	2097	13988	3596	3132	
LB4	5270556	4031284	76%	2319	13634	3179	3681	
LB12	5300039	4013492	75%	2163	13473	3392	3785	
LB20	4956340	3629940	73%	2142	12763	4201	3707	
SWS8	5396403	4086541	75%	2922	13103	2835	3953	
SWS16	4919831	3648627	74%	3793	12362	2574	4084	
IFT5	5318149	3943692	74%	2700	13354	3184	3575	
IFT16	5801470	4261715	73%	2663	13878	3072	3200	
LC5	4885318	3117936	63%	2952	13499	3217	3145	
LC13	4459539	2535040	56%	3217	13111	3271	3214	
LD1	5065340	3710650	73%	2384	13987	3304	3138	
LD9	5005626	3633231	72%	2610	13302	3302	3599	
LD17	5847830	4486684	76%	1853	14032	3640	3288	
LB5	4998273	3684725	73%	2637	13519	3414	3243	
LB13	5434848	4164821	76%	1974	13222	4125	3492	
SWS1	4790000	3648165	76%	2308	13351	3216	3938	
SWS9	5541389	4117956	74%	2698	13271	3673	3171	
SWS17	4384209	3245779	74%	2805	13039	3290	3679	
IFT8	5353768	4121073	76%	2248	14197	3440	2928	
IFT17	5489600	4091113	74%	2378	13958	3550	2927	
LC6	4644492	3248683	69%	2857	13540	3322	3094	
LC14	4580859	2768807	60%	3041	13516	3396	2860	
LD2	5160475	3749946	72%	2776	13294	3550	3193	
LD10	4954493	3650260	73%	2612	13931	2913	3357	
LD18	5549034	3849121	69%	3031	12892	3166	3724	
LB6	4878804	3717083	76%	2548	13608	3047	3610	
LB14	5271581	4009298	76%	2669	13274	3466	3404	
SWS2	4608522	3391207	73%	3193	12517	3433	3670	
SWS10	5010244	3587593	71%	4757	11897	2114	4045	
SWS18	4399198	3152520	71%	3303	12655	3137	3718	
IFT9	4920536	3597534	73%	3118	13457	3038	3200	
IFT19	5348738	3964589	74%	2863	13614	3126	3210	
LC7	5479700	3686520	67%	2743	13574	3450	3046	
LC15	5152367	3057417	59%	2583	13251	3711	3268	
LD3	6238509	4780035	76%	1827	14032	3455	3499	
LD11	5342022	4072434	76%	2008	14059	3010	3736	
LD19	5861599	4333759	73%	2009	13563	3821	3420	
LB7	4988773	3740496	74%	2487	13431	3347	3548	
LB15	5846526	4346984	74%	2439	13706	3275	3393	
SWS3	4846558	3648361	75%	3416	12695	2973	3729	
SWS11	6397749	4617415	72%	3558	12733	2493	4029	
SWS19	4892415	3676840	75%	3055	12641	3284	3833	
IFT10	5868989	4522658	77%	2245	14511	3314	2743	
IFT20	5810764	4293014	73%	2235	14341	3241	2996	
LC8	4153496	2864044	68%	3977	13017	2772	3047	
LC16	5360694	3411540	63%	2976	13627	3288	2922	
LD4	5660940	4269925	75%	1796	13970	3760	3287	
LD12	5689292	4261900	74%	2312	13572	3544	3385	
LD20	5096550	3565646	69%	2713	13704	3048	3348	
LB8	4930403	3600825	73%	2240	13390	3711	3472	
LB16	5995786	4517372	75%	2221	13566	3395	3631	
SWS4	5177241	3795918	73%	3672	12314	3097	3730	
SWS12	4143852	3005696	72%	5412	11822	2495	3084	
SWS20	5163891	3798844	73%	3510	12448	2799	4056	
IFT11	4880156	3564858	73%	3766	13426	2819	2802	
LC1_rep	5541476	4117251	74%	2873	13179	3118	3643	
LA1	4042591	2983209	73%	3148	13315	3185	3165	
LA9	4748656	3591537	75%	2430	13420	3637	3326	
LA17	4808096	3221375	66%	2516	13423	3540	3334	
LE5	5020194	3529747	70%	2185	13810	3392	3426	
LE13	5252421	3964992	75%	1722	14088	3707	3296	
NT1	4228979	3113537	73%	2802	13211	3668	3132	
NT9	5013225	3453546	68%	3119	12751	3526	3417	
WT2	3649828	1541193	42%	4742	12587	1811	3673	
WT10	4217357	2124461	50%	3246	12899	2894	3774	
WT18	1666359	678732	40%	9229	8896	1882	2806	
SWT6	4253922	3175991	74%	2451	14108	2471	3783	
SWT14	4546002	3173973	69%	3208	13733	1822	4050	
LA2	4807971	3465344	72%	2353	13463	3429	3568	
LA10	4392867	3360999	76%	2251	13954	3502	3106	
LA18	4812153	3017105	62%	2285	13305	3959	3264	
LE6	5693686	4438680	77%	2142	13941	3248	3482	
LE14	4884914	3694801	75%	1854	13840	3955	3164	
NT2	4452327	3346824	75%	2647	13440	3643	3083	
NT10	5168490	3863055	74%	2450	13208	3525	3630	
WT3	3921300	2132889	54%	3058	13251	2782	3722	
WT11	3653582	1217547	33%	5831	11499	1927	3556	
WT19	3173947	1821363	57%	3672	12857	2527	3757	
SWT7	5024121	3726474	74%	1946	14132	3073	3662	
SWT15	5066930	3687878	72%	1791	13530	4272	3220	
LA3	3955754	2730200	69%	2958	13502	3272	3081	
LA11	3957349	2905882	73%	2429	13570	3631	3183	
LA19	4340070	3076793	70%	2227	13695	3548	3343	
LE7	4573970	3322881	72%	2037	13813	3759	3204	
LE15	4808900	3706120	77%	1777	13877	3843	3316	
NT3	4223369	3119878	73%	2714	13112	3784	3203	
NT11	4967692	3538048	71%	2642	13200	3647	3324	
WT4	3413267	1999899	58%	3036	12729	3882	3166	
WT12	4329167	2540918	58%	2193	13072	4104	3444	
WT20	3213551	1271040	39%	5249	11407	2817	3340	
SWT8	4991506	3790294	75%	2102	13147	3996	3568	
SWT16	5069277	3856691	76%	2035	13922	3508	3348	
LA4	4016262	2855064	71%	3652	12776	2958	3427	
LA12	4843244	3499081	72%	1996	13609	3840	3368	
LA20	4349144	3028376	69%	2751	13258	3366	3438	
LE8	4426742	3375546	76%	2152	13763	3563	3335	
LE16	4516379	3396096	75%	2177	14095	3520	3021	
NT4	3820440	2778470	72%	3296	12805	3701	3011	
NT12	4417083	2993501	67%	2502	13332	3909	3070	
WT5	2948133	1191789	40%	5721	11436	2377	3279	
WT13	3368325	512667	15%	11577	7408	1654	2174	
SWT1	3790280	2511330	66%	2928	12918	3879	3088	
SWT9	4228936	3172530	75%	1920	13803	4058	3032	
SWT17	4883660	3764766	77%	1954	13678	4151	3030	
LA5	4305841	3048765	70%	2617	13342	3664	3190	
LA13	3897942	2859634	73%	2786	13126	3805	3096	
LE1	4042765	2768119	68%	3032	13550	3209	3022	
LE9	3891833	2816546	72%	2684	13046	3710	3373	
LE17	4335745	3040551	70%	2506	13007	3574	3726	
NT5	3961069	2938388	74%	2979	13550	3511	2773	
NT13	4307124	2974464	69%	2835	13128	3616	3234	
WT6	3529592	2517869	71%	2903	13467	2747	3696	
WT14	3673538	1496915	40%	4814	12180	2391	3428	
SWT2	3969888	2683630	67%	2642	13473	3503	3195	
SWT10	4623003	3355100	72%	1977	13707	4187	2942	
SWT18	4811867	3394376	70%	2438	13524	3833	3018	
LA6	5311580	3962698	74%	2190	13863	3489	3271	
LA14	4865355	3718301	76%	1760	13726	4013	3314	
LE2	5194456	3908435	75%	1564	13795	3974	3480	
LE10	5253473	4101679	78%	1572	14030	4010	3201	
LE18	5530790	4248848	76%	1753	14245	3427	3388	
NT6	5171452	3663879	70%	2694	13402	3644	3073	
NT14	5447026	4007341	73%	2110	13539	4060	3104	
WT7	4831542	3058725	63%	2290	13706	2465	4352	
WT15	4351179	2363110	54%	2787	13604	2688	3734	
SWT3	4971490	3853789	77%	1492	13930	4204	3187	
SWT11	5377897	4146418	77%	1656	13944	4005	3208	
SWT19	5636711	4097523	72%	1687	13606	4503	3017	
LA7	5429759	3936537	72%	2527	13610	3255	3421	
LA15	5038881	3680142	73%	1925	13892	3498	3498	
LE3	5268626	4040674	76%	2533	13963	2748	3569	
LE11	5169626	3847916	74%	2067	14493	3318	2935	
LE19	5315906	3785835	71%	1661	13744	4390	3018	
NT7	4760968	3482693	73%	2385	13391	3957	3080	
NT15	5634420	3949266	70%	2699	13255	3789	3070	
WT8	4483038	3060967	68%	2519	13484	2781	4029	
WT16	4275822	1481871	34%	4955	11879	2717	3262	
SWT4	4917792	3651883	74%	2029	13303	3943	3538	
SWT12	5409993	4128483	76%	2141	13050	3985	3637	
SWT20	5502414	3871869	70%	1900	13451	3974	3488	
LA8	4346073	3176020	73%	3186	13405	3218	3004	
LA16	4632934	3201549	69%	2714	13345	3128	3626	
LE4	5238844	3913103	74%	2282	13894	3280	3357	
LE12	4782276	3568327	74%	2501	13374	3777	3161	
LE20	5057428	3414081	67%	2328	13569	3423	3493	
NT8	4452207	3221289	72%	2916	13042	3820	3035	
WT1	4852999	3516681	72%	2440	13643	2495	4235	
WT9	4504419	1981772	43%	3556	12833	2242	4182	
WT17	4807008	2553766	53%	2809	12734	3500	3770	
SWT5	4810061	3544740	73%	2417	13566	3834	2996	
SWT13	5044277	3499325	69%	2678	13710	2870	3555	
S3_5	3481126	2672180	76%	3509	12553	3549	3202	
KR1	1463365	1113430	76%	8149	9847	2391	2426	
KR2	3756012	2924788	77%	2774	12874	3820	3345	
KR3	3561566	2729271	76%	3514	12829	3011	3459	
KR4	4389232	3469199	79%	2326	13395	3658	3434	
KR5	3758429	2999298	79%	2771	13167	3916	2959	
S3_1	4911184	3765739	76%	2632	13317	3358	3506	
S3_2	4338591	3450605	79%	2439	14010	3084	3280	
s3_3	5055716	4042091	79%	2470	13414	3692	3237	
S3_4	3482008	2768523	79%	3134	12978	3544	3157	
